{
 "cells": [
  {
   "cell_type": "code",
   "execution_count": 1,
   "metadata": {},
   "outputs": [],
   "source": [
    "import pandas as pd\n",
    "import matplotlib.pyplot as plt\n",
    "import seaborn as sn"
   ]
  },
  {
   "cell_type": "code",
   "execution_count": 2,
   "metadata": {},
   "outputs": [],
   "source": [
    "data_filepath = '../../data/csv/data_matrix1.csv'"
   ]
  },
  {
   "cell_type": "code",
   "execution_count": 3,
   "metadata": {},
   "outputs": [
    {
     "data": {
      "text/html": [
       "<div>\n",
       "<style scoped>\n",
       "    .dataframe tbody tr th:only-of-type {\n",
       "        vertical-align: middle;\n",
       "    }\n",
       "\n",
       "    .dataframe tbody tr th {\n",
       "        vertical-align: top;\n",
       "    }\n",
       "\n",
       "    .dataframe thead th {\n",
       "        text-align: right;\n",
       "    }\n",
       "</style>\n",
       "<table border=\"1\" class=\"dataframe\">\n",
       "  <thead>\n",
       "    <tr style=\"text-align: right;\">\n",
       "      <th></th>\n",
       "      <th>manual_height_cm</th>\n",
       "      <th>area</th>\n",
       "      <th>perimeter</th>\n",
       "      <th>width</th>\n",
       "      <th>length</th>\n",
       "      <th>convex_hull</th>\n",
       "      <th>compactness</th>\n",
       "      <th>R_channel</th>\n",
       "      <th>G_channel</th>\n",
       "      <th>B_channel</th>\n",
       "      <th>H_channel</th>\n",
       "      <th>S_channel</th>\n",
       "      <th>V_channel</th>\n",
       "      <th>height_cm_max</th>\n",
       "      <th>height_cm_mode</th>\n",
       "      <th>e_minoraxis</th>\n",
       "      <th>e_majoraxis</th>\n",
       "      <th>e_eccentricity</th>\n",
       "    </tr>\n",
       "  </thead>\n",
       "  <tbody>\n",
       "    <tr>\n",
       "      <th>126</th>\n",
       "      <td>13.0</td>\n",
       "      <td>18610.5</td>\n",
       "      <td>745.595015</td>\n",
       "      <td>194</td>\n",
       "      <td>167</td>\n",
       "      <td>22844.5</td>\n",
       "      <td>0.814660</td>\n",
       "      <td>64</td>\n",
       "      <td>65</td>\n",
       "      <td>25</td>\n",
       "      <td>31</td>\n",
       "      <td>168</td>\n",
       "      <td>65</td>\n",
       "      <td>11.6</td>\n",
       "      <td>8.9</td>\n",
       "      <td>138.552826</td>\n",
       "      <td>189.431244</td>\n",
       "      <td>0.681933</td>\n",
       "    </tr>\n",
       "    <tr>\n",
       "      <th>127</th>\n",
       "      <td>14.8</td>\n",
       "      <td>17956.5</td>\n",
       "      <td>648.884338</td>\n",
       "      <td>160</td>\n",
       "      <td>188</td>\n",
       "      <td>21336.5</td>\n",
       "      <td>0.841586</td>\n",
       "      <td>59</td>\n",
       "      <td>59</td>\n",
       "      <td>20</td>\n",
       "      <td>30</td>\n",
       "      <td>183</td>\n",
       "      <td>60</td>\n",
       "      <td>12.7</td>\n",
       "      <td>11.8</td>\n",
       "      <td>139.370636</td>\n",
       "      <td>176.852585</td>\n",
       "      <td>0.615597</td>\n",
       "    </tr>\n",
       "    <tr>\n",
       "      <th>128</th>\n",
       "      <td>16.9</td>\n",
       "      <td>23335.0</td>\n",
       "      <td>668.440687</td>\n",
       "      <td>183</td>\n",
       "      <td>194</td>\n",
       "      <td>25817.5</td>\n",
       "      <td>0.903844</td>\n",
       "      <td>59</td>\n",
       "      <td>59</td>\n",
       "      <td>22</td>\n",
       "      <td>30</td>\n",
       "      <td>175</td>\n",
       "      <td>60</td>\n",
       "      <td>14.3</td>\n",
       "      <td>13.2</td>\n",
       "      <td>163.992294</td>\n",
       "      <td>191.335068</td>\n",
       "      <td>0.515159</td>\n",
       "    </tr>\n",
       "    <tr>\n",
       "      <th>129</th>\n",
       "      <td>16.6</td>\n",
       "      <td>23258.5</td>\n",
       "      <td>656.482317</td>\n",
       "      <td>199</td>\n",
       "      <td>179</td>\n",
       "      <td>25605.0</td>\n",
       "      <td>0.908358</td>\n",
       "      <td>60</td>\n",
       "      <td>60</td>\n",
       "      <td>23</td>\n",
       "      <td>30</td>\n",
       "      <td>174</td>\n",
       "      <td>61</td>\n",
       "      <td>14.5</td>\n",
       "      <td>12.8</td>\n",
       "      <td>160.081513</td>\n",
       "      <td>194.861466</td>\n",
       "      <td>0.570188</td>\n",
       "    </tr>\n",
       "    <tr>\n",
       "      <th>130</th>\n",
       "      <td>14.7</td>\n",
       "      <td>17731.0</td>\n",
       "      <td>721.210239</td>\n",
       "      <td>190</td>\n",
       "      <td>168</td>\n",
       "      <td>21490.0</td>\n",
       "      <td>0.825081</td>\n",
       "      <td>61</td>\n",
       "      <td>65</td>\n",
       "      <td>23</td>\n",
       "      <td>32</td>\n",
       "      <td>176</td>\n",
       "      <td>65</td>\n",
       "      <td>13.8</td>\n",
       "      <td>10.2</td>\n",
       "      <td>128.338684</td>\n",
       "      <td>192.531418</td>\n",
       "      <td>0.745428</td>\n",
       "    </tr>\n",
       "  </tbody>\n",
       "</table>\n",
       "</div>"
      ],
      "text/plain": [
       "     manual_height_cm     area   perimeter  width  length  convex_hull  \\\n",
       "126              13.0  18610.5  745.595015    194     167      22844.5   \n",
       "127              14.8  17956.5  648.884338    160     188      21336.5   \n",
       "128              16.9  23335.0  668.440687    183     194      25817.5   \n",
       "129              16.6  23258.5  656.482317    199     179      25605.0   \n",
       "130              14.7  17731.0  721.210239    190     168      21490.0   \n",
       "\n",
       "     compactness  R_channel  G_channel  B_channel  H_channel  S_channel  \\\n",
       "126     0.814660         64         65         25         31        168   \n",
       "127     0.841586         59         59         20         30        183   \n",
       "128     0.903844         59         59         22         30        175   \n",
       "129     0.908358         60         60         23         30        174   \n",
       "130     0.825081         61         65         23         32        176   \n",
       "\n",
       "     V_channel  height_cm_max  height_cm_mode  e_minoraxis  e_majoraxis  \\\n",
       "126         65           11.6             8.9   138.552826   189.431244   \n",
       "127         60           12.7            11.8   139.370636   176.852585   \n",
       "128         60           14.3            13.2   163.992294   191.335068   \n",
       "129         61           14.5            12.8   160.081513   194.861466   \n",
       "130         65           13.8            10.2   128.338684   192.531418   \n",
       "\n",
       "     e_eccentricity  \n",
       "126        0.681933  \n",
       "127        0.615597  \n",
       "128        0.515159  \n",
       "129        0.570188  \n",
       "130        0.745428  "
      ]
     },
     "execution_count": 3,
     "metadata": {},
     "output_type": "execute_result"
    }
   ],
   "source": [
    "plant_data = pd.read_csv(data_filepath)\n",
    "plant_data = plant_data.drop([\"date\", \"plant_id\", \"tray_id\", \"LFW_g\", \"LDW_g\", \"LA_mm2\"], axis=1)\n",
    "plant_data.tail()"
   ]
  },
  {
   "cell_type": "code",
   "execution_count": 4,
   "metadata": {},
   "outputs": [
    {
     "data": {
      "text/html": [
       "<div>\n",
       "<style scoped>\n",
       "    .dataframe tbody tr th:only-of-type {\n",
       "        vertical-align: middle;\n",
       "    }\n",
       "\n",
       "    .dataframe tbody tr th {\n",
       "        vertical-align: top;\n",
       "    }\n",
       "\n",
       "    .dataframe thead th {\n",
       "        text-align: right;\n",
       "    }\n",
       "</style>\n",
       "<table border=\"1\" class=\"dataframe\">\n",
       "  <thead>\n",
       "    <tr style=\"text-align: right;\">\n",
       "      <th></th>\n",
       "      <th>manual_height_cm</th>\n",
       "      <th>area</th>\n",
       "      <th>perimeter</th>\n",
       "      <th>width</th>\n",
       "      <th>length</th>\n",
       "      <th>convex_hull</th>\n",
       "      <th>compactness</th>\n",
       "      <th>R_channel</th>\n",
       "      <th>G_channel</th>\n",
       "      <th>B_channel</th>\n",
       "      <th>H_channel</th>\n",
       "      <th>S_channel</th>\n",
       "      <th>V_channel</th>\n",
       "      <th>height_cm_max</th>\n",
       "      <th>height_cm_mode</th>\n",
       "      <th>e_minoraxis</th>\n",
       "      <th>e_majoraxis</th>\n",
       "      <th>e_eccentricity</th>\n",
       "    </tr>\n",
       "  </thead>\n",
       "  <tbody>\n",
       "    <tr>\n",
       "      <th>manual_height_cm</th>\n",
       "      <td>1.000000</td>\n",
       "      <td>0.947981</td>\n",
       "      <td>0.932775</td>\n",
       "      <td>0.925244</td>\n",
       "      <td>0.956191</td>\n",
       "      <td>0.945834</td>\n",
       "      <td>0.654329</td>\n",
       "      <td>0.424050</td>\n",
       "      <td>0.690663</td>\n",
       "      <td>0.413716</td>\n",
       "      <td>0.660049</td>\n",
       "      <td>0.006500</td>\n",
       "      <td>0.561136</td>\n",
       "      <td>0.444732</td>\n",
       "      <td>0.951459</td>\n",
       "      <td>0.966495</td>\n",
       "      <td>0.937206</td>\n",
       "      <td>-0.235655</td>\n",
       "    </tr>\n",
       "    <tr>\n",
       "      <th>area</th>\n",
       "      <td>0.947981</td>\n",
       "      <td>1.000000</td>\n",
       "      <td>0.969644</td>\n",
       "      <td>0.971033</td>\n",
       "      <td>0.960453</td>\n",
       "      <td>0.997832</td>\n",
       "      <td>0.646838</td>\n",
       "      <td>0.437937</td>\n",
       "      <td>0.671514</td>\n",
       "      <td>0.396122</td>\n",
       "      <td>0.595537</td>\n",
       "      <td>0.012467</td>\n",
       "      <td>0.560508</td>\n",
       "      <td>0.510560</td>\n",
       "      <td>0.958991</td>\n",
       "      <td>0.975785</td>\n",
       "      <td>0.982280</td>\n",
       "      <td>-0.126675</td>\n",
       "    </tr>\n",
       "    <tr>\n",
       "      <th>perimeter</th>\n",
       "      <td>0.932775</td>\n",
       "      <td>0.969644</td>\n",
       "      <td>1.000000</td>\n",
       "      <td>0.974281</td>\n",
       "      <td>0.952535</td>\n",
       "      <td>0.979863</td>\n",
       "      <td>0.519813</td>\n",
       "      <td>0.419511</td>\n",
       "      <td>0.659887</td>\n",
       "      <td>0.393476</td>\n",
       "      <td>0.608685</td>\n",
       "      <td>0.011712</td>\n",
       "      <td>0.551355</td>\n",
       "      <td>0.486287</td>\n",
       "      <td>0.941434</td>\n",
       "      <td>0.961499</td>\n",
       "      <td>0.980576</td>\n",
       "      <td>-0.102681</td>\n",
       "    </tr>\n",
       "    <tr>\n",
       "      <th>width</th>\n",
       "      <td>0.925244</td>\n",
       "      <td>0.971033</td>\n",
       "      <td>0.974281</td>\n",
       "      <td>1.000000</td>\n",
       "      <td>0.920863</td>\n",
       "      <td>0.975451</td>\n",
       "      <td>0.569020</td>\n",
       "      <td>0.425227</td>\n",
       "      <td>0.638252</td>\n",
       "      <td>0.375886</td>\n",
       "      <td>0.552270</td>\n",
       "      <td>0.023965</td>\n",
       "      <td>0.545072</td>\n",
       "      <td>0.520956</td>\n",
       "      <td>0.955144</td>\n",
       "      <td>0.943744</td>\n",
       "      <td>0.988840</td>\n",
       "      <td>-0.041164</td>\n",
       "    </tr>\n",
       "    <tr>\n",
       "      <th>length</th>\n",
       "      <td>0.956191</td>\n",
       "      <td>0.960453</td>\n",
       "      <td>0.952535</td>\n",
       "      <td>0.920863</td>\n",
       "      <td>1.000000</td>\n",
       "      <td>0.960254</td>\n",
       "      <td>0.641119</td>\n",
       "      <td>0.446139</td>\n",
       "      <td>0.691729</td>\n",
       "      <td>0.410232</td>\n",
       "      <td>0.623093</td>\n",
       "      <td>0.015696</td>\n",
       "      <td>0.574694</td>\n",
       "      <td>0.434575</td>\n",
       "      <td>0.921152</td>\n",
       "      <td>0.981510</td>\n",
       "      <td>0.942369</td>\n",
       "      <td>-0.244559</td>\n",
       "    </tr>\n",
       "    <tr>\n",
       "      <th>convex_hull</th>\n",
       "      <td>0.945834</td>\n",
       "      <td>0.997832</td>\n",
       "      <td>0.979863</td>\n",
       "      <td>0.975451</td>\n",
       "      <td>0.960254</td>\n",
       "      <td>1.000000</td>\n",
       "      <td>0.608575</td>\n",
       "      <td>0.431270</td>\n",
       "      <td>0.667986</td>\n",
       "      <td>0.392709</td>\n",
       "      <td>0.601168</td>\n",
       "      <td>0.015427</td>\n",
       "      <td>0.556311</td>\n",
       "      <td>0.502918</td>\n",
       "      <td>0.957819</td>\n",
       "      <td>0.973466</td>\n",
       "      <td>0.986195</td>\n",
       "      <td>-0.111294</td>\n",
       "    </tr>\n",
       "    <tr>\n",
       "      <th>compactness</th>\n",
       "      <td>0.654329</td>\n",
       "      <td>0.646838</td>\n",
       "      <td>0.519813</td>\n",
       "      <td>0.569020</td>\n",
       "      <td>0.641119</td>\n",
       "      <td>0.608575</td>\n",
       "      <td>1.000000</td>\n",
       "      <td>0.232551</td>\n",
       "      <td>0.398213</td>\n",
       "      <td>0.128051</td>\n",
       "      <td>0.398387</td>\n",
       "      <td>0.176014</td>\n",
       "      <td>0.308799</td>\n",
       "      <td>0.337642</td>\n",
       "      <td>0.608404</td>\n",
       "      <td>0.668014</td>\n",
       "      <td>0.586069</td>\n",
       "      <td>-0.353955</td>\n",
       "    </tr>\n",
       "    <tr>\n",
       "      <th>R_channel</th>\n",
       "      <td>0.424050</td>\n",
       "      <td>0.437937</td>\n",
       "      <td>0.419511</td>\n",
       "      <td>0.425227</td>\n",
       "      <td>0.446139</td>\n",
       "      <td>0.431270</td>\n",
       "      <td>0.232551</td>\n",
       "      <td>1.000000</td>\n",
       "      <td>0.877241</td>\n",
       "      <td>0.850643</td>\n",
       "      <td>-0.009467</td>\n",
       "      <td>-0.489248</td>\n",
       "      <td>0.971701</td>\n",
       "      <td>0.264326</td>\n",
       "      <td>0.454789</td>\n",
       "      <td>0.440500</td>\n",
       "      <td>0.428159</td>\n",
       "      <td>0.020026</td>\n",
       "    </tr>\n",
       "    <tr>\n",
       "      <th>G_channel</th>\n",
       "      <td>0.690663</td>\n",
       "      <td>0.671514</td>\n",
       "      <td>0.659887</td>\n",
       "      <td>0.638252</td>\n",
       "      <td>0.691729</td>\n",
       "      <td>0.667986</td>\n",
       "      <td>0.398213</td>\n",
       "      <td>0.877241</td>\n",
       "      <td>1.000000</td>\n",
       "      <td>0.847767</td>\n",
       "      <td>0.463523</td>\n",
       "      <td>-0.429093</td>\n",
       "      <td>0.947582</td>\n",
       "      <td>0.314496</td>\n",
       "      <td>0.662406</td>\n",
       "      <td>0.687181</td>\n",
       "      <td>0.652254</td>\n",
       "      <td>-0.126648</td>\n",
       "    </tr>\n",
       "    <tr>\n",
       "      <th>B_channel</th>\n",
       "      <td>0.413716</td>\n",
       "      <td>0.396122</td>\n",
       "      <td>0.393476</td>\n",
       "      <td>0.375886</td>\n",
       "      <td>0.410232</td>\n",
       "      <td>0.392709</td>\n",
       "      <td>0.128051</td>\n",
       "      <td>0.850643</td>\n",
       "      <td>0.847767</td>\n",
       "      <td>1.000000</td>\n",
       "      <td>0.210069</td>\n",
       "      <td>-0.815306</td>\n",
       "      <td>0.856891</td>\n",
       "      <td>0.276999</td>\n",
       "      <td>0.420512</td>\n",
       "      <td>0.402767</td>\n",
       "      <td>0.386485</td>\n",
       "      <td>-0.011340</td>\n",
       "    </tr>\n",
       "    <tr>\n",
       "      <th>H_channel</th>\n",
       "      <td>0.660049</td>\n",
       "      <td>0.595537</td>\n",
       "      <td>0.608685</td>\n",
       "      <td>0.552270</td>\n",
       "      <td>0.623093</td>\n",
       "      <td>0.601168</td>\n",
       "      <td>0.398387</td>\n",
       "      <td>-0.009467</td>\n",
       "      <td>0.463523</td>\n",
       "      <td>0.210069</td>\n",
       "      <td>1.000000</td>\n",
       "      <td>-0.007738</td>\n",
       "      <td>0.187957</td>\n",
       "      <td>0.170311</td>\n",
       "      <td>0.543341</td>\n",
       "      <td>0.625093</td>\n",
       "      <td>0.577654</td>\n",
       "      <td>-0.290245</td>\n",
       "    </tr>\n",
       "    <tr>\n",
       "      <th>S_channel</th>\n",
       "      <td>0.006500</td>\n",
       "      <td>0.012467</td>\n",
       "      <td>0.011712</td>\n",
       "      <td>0.023965</td>\n",
       "      <td>0.015696</td>\n",
       "      <td>0.015427</td>\n",
       "      <td>0.176014</td>\n",
       "      <td>-0.489248</td>\n",
       "      <td>-0.429093</td>\n",
       "      <td>-0.815306</td>\n",
       "      <td>-0.007738</td>\n",
       "      <td>1.000000</td>\n",
       "      <td>-0.438899</td>\n",
       "      <td>-0.138618</td>\n",
       "      <td>-0.023274</td>\n",
       "      <td>0.024874</td>\n",
       "      <td>0.015665</td>\n",
       "      <td>-0.103034</td>\n",
       "    </tr>\n",
       "    <tr>\n",
       "      <th>V_channel</th>\n",
       "      <td>0.561136</td>\n",
       "      <td>0.560508</td>\n",
       "      <td>0.551355</td>\n",
       "      <td>0.545072</td>\n",
       "      <td>0.574694</td>\n",
       "      <td>0.556311</td>\n",
       "      <td>0.308799</td>\n",
       "      <td>0.971701</td>\n",
       "      <td>0.947582</td>\n",
       "      <td>0.856891</td>\n",
       "      <td>0.187957</td>\n",
       "      <td>-0.438899</td>\n",
       "      <td>1.000000</td>\n",
       "      <td>0.295269</td>\n",
       "      <td>0.568254</td>\n",
       "      <td>0.569737</td>\n",
       "      <td>0.550252</td>\n",
       "      <td>-0.035055</td>\n",
       "    </tr>\n",
       "    <tr>\n",
       "      <th>height_cm_max</th>\n",
       "      <td>0.444732</td>\n",
       "      <td>0.510560</td>\n",
       "      <td>0.486287</td>\n",
       "      <td>0.520956</td>\n",
       "      <td>0.434575</td>\n",
       "      <td>0.502918</td>\n",
       "      <td>0.337642</td>\n",
       "      <td>0.264326</td>\n",
       "      <td>0.314496</td>\n",
       "      <td>0.276999</td>\n",
       "      <td>0.170311</td>\n",
       "      <td>-0.138618</td>\n",
       "      <td>0.295269</td>\n",
       "      <td>1.000000</td>\n",
       "      <td>0.535797</td>\n",
       "      <td>0.458339</td>\n",
       "      <td>0.520994</td>\n",
       "      <td>0.089852</td>\n",
       "    </tr>\n",
       "    <tr>\n",
       "      <th>height_cm_mode</th>\n",
       "      <td>0.951459</td>\n",
       "      <td>0.958991</td>\n",
       "      <td>0.941434</td>\n",
       "      <td>0.955144</td>\n",
       "      <td>0.921152</td>\n",
       "      <td>0.957819</td>\n",
       "      <td>0.608404</td>\n",
       "      <td>0.454789</td>\n",
       "      <td>0.662406</td>\n",
       "      <td>0.420512</td>\n",
       "      <td>0.543341</td>\n",
       "      <td>-0.023274</td>\n",
       "      <td>0.568254</td>\n",
       "      <td>0.535797</td>\n",
       "      <td>1.000000</td>\n",
       "      <td>0.938108</td>\n",
       "      <td>0.962366</td>\n",
       "      <td>-0.065065</td>\n",
       "    </tr>\n",
       "    <tr>\n",
       "      <th>e_minoraxis</th>\n",
       "      <td>0.966495</td>\n",
       "      <td>0.975785</td>\n",
       "      <td>0.961499</td>\n",
       "      <td>0.943744</td>\n",
       "      <td>0.981510</td>\n",
       "      <td>0.973466</td>\n",
       "      <td>0.668014</td>\n",
       "      <td>0.440500</td>\n",
       "      <td>0.687181</td>\n",
       "      <td>0.402767</td>\n",
       "      <td>0.625093</td>\n",
       "      <td>0.024874</td>\n",
       "      <td>0.569737</td>\n",
       "      <td>0.458339</td>\n",
       "      <td>0.938108</td>\n",
       "      <td>1.000000</td>\n",
       "      <td>0.949505</td>\n",
       "      <td>-0.298313</td>\n",
       "    </tr>\n",
       "    <tr>\n",
       "      <th>e_majoraxis</th>\n",
       "      <td>0.937206</td>\n",
       "      <td>0.982280</td>\n",
       "      <td>0.980576</td>\n",
       "      <td>0.988840</td>\n",
       "      <td>0.942369</td>\n",
       "      <td>0.986195</td>\n",
       "      <td>0.586069</td>\n",
       "      <td>0.428159</td>\n",
       "      <td>0.652254</td>\n",
       "      <td>0.386485</td>\n",
       "      <td>0.577654</td>\n",
       "      <td>0.015665</td>\n",
       "      <td>0.550252</td>\n",
       "      <td>0.520994</td>\n",
       "      <td>0.962366</td>\n",
       "      <td>0.949505</td>\n",
       "      <td>1.000000</td>\n",
       "      <td>-0.009255</td>\n",
       "    </tr>\n",
       "    <tr>\n",
       "      <th>e_eccentricity</th>\n",
       "      <td>-0.235655</td>\n",
       "      <td>-0.126675</td>\n",
       "      <td>-0.102681</td>\n",
       "      <td>-0.041164</td>\n",
       "      <td>-0.244559</td>\n",
       "      <td>-0.111294</td>\n",
       "      <td>-0.353955</td>\n",
       "      <td>0.020026</td>\n",
       "      <td>-0.126648</td>\n",
       "      <td>-0.011340</td>\n",
       "      <td>-0.290245</td>\n",
       "      <td>-0.103034</td>\n",
       "      <td>-0.035055</td>\n",
       "      <td>0.089852</td>\n",
       "      <td>-0.065065</td>\n",
       "      <td>-0.298313</td>\n",
       "      <td>-0.009255</td>\n",
       "      <td>1.000000</td>\n",
       "    </tr>\n",
       "  </tbody>\n",
       "</table>\n",
       "</div>"
      ],
      "text/plain": [
       "                  manual_height_cm      area  perimeter     width    length  \\\n",
       "manual_height_cm          1.000000  0.947981   0.932775  0.925244  0.956191   \n",
       "area                      0.947981  1.000000   0.969644  0.971033  0.960453   \n",
       "perimeter                 0.932775  0.969644   1.000000  0.974281  0.952535   \n",
       "width                     0.925244  0.971033   0.974281  1.000000  0.920863   \n",
       "length                    0.956191  0.960453   0.952535  0.920863  1.000000   \n",
       "convex_hull               0.945834  0.997832   0.979863  0.975451  0.960254   \n",
       "compactness               0.654329  0.646838   0.519813  0.569020  0.641119   \n",
       "R_channel                 0.424050  0.437937   0.419511  0.425227  0.446139   \n",
       "G_channel                 0.690663  0.671514   0.659887  0.638252  0.691729   \n",
       "B_channel                 0.413716  0.396122   0.393476  0.375886  0.410232   \n",
       "H_channel                 0.660049  0.595537   0.608685  0.552270  0.623093   \n",
       "S_channel                 0.006500  0.012467   0.011712  0.023965  0.015696   \n",
       "V_channel                 0.561136  0.560508   0.551355  0.545072  0.574694   \n",
       "height_cm_max             0.444732  0.510560   0.486287  0.520956  0.434575   \n",
       "height_cm_mode            0.951459  0.958991   0.941434  0.955144  0.921152   \n",
       "e_minoraxis               0.966495  0.975785   0.961499  0.943744  0.981510   \n",
       "e_majoraxis               0.937206  0.982280   0.980576  0.988840  0.942369   \n",
       "e_eccentricity           -0.235655 -0.126675  -0.102681 -0.041164 -0.244559   \n",
       "\n",
       "                  convex_hull  compactness  R_channel  G_channel  B_channel  \\\n",
       "manual_height_cm     0.945834     0.654329   0.424050   0.690663   0.413716   \n",
       "area                 0.997832     0.646838   0.437937   0.671514   0.396122   \n",
       "perimeter            0.979863     0.519813   0.419511   0.659887   0.393476   \n",
       "width                0.975451     0.569020   0.425227   0.638252   0.375886   \n",
       "length               0.960254     0.641119   0.446139   0.691729   0.410232   \n",
       "convex_hull          1.000000     0.608575   0.431270   0.667986   0.392709   \n",
       "compactness          0.608575     1.000000   0.232551   0.398213   0.128051   \n",
       "R_channel            0.431270     0.232551   1.000000   0.877241   0.850643   \n",
       "G_channel            0.667986     0.398213   0.877241   1.000000   0.847767   \n",
       "B_channel            0.392709     0.128051   0.850643   0.847767   1.000000   \n",
       "H_channel            0.601168     0.398387  -0.009467   0.463523   0.210069   \n",
       "S_channel            0.015427     0.176014  -0.489248  -0.429093  -0.815306   \n",
       "V_channel            0.556311     0.308799   0.971701   0.947582   0.856891   \n",
       "height_cm_max        0.502918     0.337642   0.264326   0.314496   0.276999   \n",
       "height_cm_mode       0.957819     0.608404   0.454789   0.662406   0.420512   \n",
       "e_minoraxis          0.973466     0.668014   0.440500   0.687181   0.402767   \n",
       "e_majoraxis          0.986195     0.586069   0.428159   0.652254   0.386485   \n",
       "e_eccentricity      -0.111294    -0.353955   0.020026  -0.126648  -0.011340   \n",
       "\n",
       "                  H_channel  S_channel  V_channel  height_cm_max  \\\n",
       "manual_height_cm   0.660049   0.006500   0.561136       0.444732   \n",
       "area               0.595537   0.012467   0.560508       0.510560   \n",
       "perimeter          0.608685   0.011712   0.551355       0.486287   \n",
       "width              0.552270   0.023965   0.545072       0.520956   \n",
       "length             0.623093   0.015696   0.574694       0.434575   \n",
       "convex_hull        0.601168   0.015427   0.556311       0.502918   \n",
       "compactness        0.398387   0.176014   0.308799       0.337642   \n",
       "R_channel         -0.009467  -0.489248   0.971701       0.264326   \n",
       "G_channel          0.463523  -0.429093   0.947582       0.314496   \n",
       "B_channel          0.210069  -0.815306   0.856891       0.276999   \n",
       "H_channel          1.000000  -0.007738   0.187957       0.170311   \n",
       "S_channel         -0.007738   1.000000  -0.438899      -0.138618   \n",
       "V_channel          0.187957  -0.438899   1.000000       0.295269   \n",
       "height_cm_max      0.170311  -0.138618   0.295269       1.000000   \n",
       "height_cm_mode     0.543341  -0.023274   0.568254       0.535797   \n",
       "e_minoraxis        0.625093   0.024874   0.569737       0.458339   \n",
       "e_majoraxis        0.577654   0.015665   0.550252       0.520994   \n",
       "e_eccentricity    -0.290245  -0.103034  -0.035055       0.089852   \n",
       "\n",
       "                  height_cm_mode  e_minoraxis  e_majoraxis  e_eccentricity  \n",
       "manual_height_cm        0.951459     0.966495     0.937206       -0.235655  \n",
       "area                    0.958991     0.975785     0.982280       -0.126675  \n",
       "perimeter               0.941434     0.961499     0.980576       -0.102681  \n",
       "width                   0.955144     0.943744     0.988840       -0.041164  \n",
       "length                  0.921152     0.981510     0.942369       -0.244559  \n",
       "convex_hull             0.957819     0.973466     0.986195       -0.111294  \n",
       "compactness             0.608404     0.668014     0.586069       -0.353955  \n",
       "R_channel               0.454789     0.440500     0.428159        0.020026  \n",
       "G_channel               0.662406     0.687181     0.652254       -0.126648  \n",
       "B_channel               0.420512     0.402767     0.386485       -0.011340  \n",
       "H_channel               0.543341     0.625093     0.577654       -0.290245  \n",
       "S_channel              -0.023274     0.024874     0.015665       -0.103034  \n",
       "V_channel               0.568254     0.569737     0.550252       -0.035055  \n",
       "height_cm_max           0.535797     0.458339     0.520994        0.089852  \n",
       "height_cm_mode          1.000000     0.938108     0.962366       -0.065065  \n",
       "e_minoraxis             0.938108     1.000000     0.949505       -0.298313  \n",
       "e_majoraxis             0.962366     0.949505     1.000000       -0.009255  \n",
       "e_eccentricity         -0.065065    -0.298313    -0.009255        1.000000  "
      ]
     },
     "execution_count": 4,
     "metadata": {},
     "output_type": "execute_result"
    }
   ],
   "source": [
    "corr_matrix = plant_data.corr()\n",
    "corr_matrix"
   ]
  },
  {
   "cell_type": "code",
   "execution_count": 5,
   "metadata": {},
   "outputs": [
    {
     "data": {
